ans1 = 2.51*x + 1.48*y + 4.53*z;
ans2 = 1.48*x + 0.93*y - 1.30*z;
ans3 = 2.68*x + 3.04*y - 1.48*z;